snapnum,sep_ratio,num_gp
0,.6,-1
0,.8,-1
0,1.0,-1
0,1.2,-1
0,1.4,-1
0,1.6,-1
1,.6,-1
1,.8,-1
1,1.0,-1
1,1.2,-1
1,1.4,-1
1,1.6,-1
2,.6,-1
2,.8,-1
2,1.0,-1
2,1.2,-1
2,1.4,-1
2,1.6,-1
3,.6,-1
3,.8,-1
3,1.0,-1
3,1.2,-1
3,1.4,-1
3,1.6,-1
4,.6,-1
4,.8,-1
4,1.0,-1
4,1.2,-1
4,1.4,-1
4,1.6,-1
5,.6,-1
5,.8,-1
5,1.0,-1
5,1.2,-1
5,1.4,-1
5,1.6,-1
6,.6,-1
6,.8,-1
6,1.0,-1
6,1.2,-1
6,1.4,-1
6,1.6,-1
7,.6,-1
7,.8,-1
7,1.0,-1
7,1.2,-1
7,1.4,-1
7,1.6,-1
8,.6,-1
8,.8,-1
8,1.0,-1
8,1.2,-1
8,1.4,-1
8,1.6,-1
9,.6,-1
9,.8,-1
9,1.0,-1
9,1.2,-1
9,1.4,-1
9,1.6,-1
10,.6,-1
10,.8,-1
10,1.0,-1
10,1.2,-1
10,1.4,-1
10,1.6,-1
11,.6,-1
11,.8,-1
11,1.0,-1
11,1.2,-1
11,1.4,-1
11,1.6,-1
12,.6,-1
12,.8,-1
12,1.0,-1
12,1.2,-1
12,1.4,-1
12,1.6,-1
13,.6,-1
13,.8,-1
13,1.0,-1
13,1.2,-1
13,1.4,-1
13,1.6,-1
14,.6,-1
14,.8,-1
14,1.0,-1
14,1.2,-1
14,1.4,-1
14,1.6,-1
15,.6,-1
15,.8,-1
15,1.0,-1
15,1.2,-1
15,1.4,-1
15,1.6,-1
16,.6,2
16,.8,2
16,1.0,2
16,1.2,2
16,1.4,2
16,1.6,2
17,.6,13
17,.8,14
17,1.0,14
17,1.2,14
17,1.4,14
17,1.6,14
18,.6,11
18,.8,12
18,1.0,12
18,1.2,12
18,1.4,12
18,1.6,12
19,.6,17
19,.8,17
19,1.0,17
19,1.2,17
19,1.4,17
19,1.6,17
20,.6,34
20,.8,34
20,1.0,34
20,1.2,34
20,1.4,34
20,1.6,34
21,.6,43
21,.8,45
21,1.0,45
21,1.2,45
21,1.4,45
21,1.6,45
22,.6,62
22,.8,62
22,1.0,62
22,1.2,62
22,1.4,62
22,1.6,62
23,.6,80
23,.8,84
23,1.0,84
23,1.2,84
23,1.4,84
23,1.6,84
24,.6,112
24,.8,116
24,1.0,119
24,1.2,119
24,1.4,119
24,1.6,119
25,.6,116
25,.8,122
25,1.0,123
25,1.2,123
25,1.4,124
25,1.6,124
26,.6,133
26,.8,141
26,1.0,142
26,1.2,143
26,1.4,143
26,1.6,143
27,.6,137
27,.8,146
27,1.0,148
27,1.2,149
27,1.4,149
27,1.6,149
28,.6,174
28,.8,188
28,1.0,191
28,1.2,191
28,1.4,191
28,1.6,191
29,.6,184
29,.8,201
29,1.0,204
29,1.2,207
29,1.4,207
29,1.6,207
30,.6,153
30,.8,181
30,1.0,183
30,1.2,183
30,1.4,183
30,1.6,183
31,.6,172
31,.8,190
31,1.0,194
31,1.2,195
31,1.4,196
31,1.6,196
32,.6,195
32,.8,216
32,1.0,222
32,1.2,223
32,1.4,223
32,1.6,223
33,.6,177
33,.8,201
33,1.0,208
33,1.2,208
33,1.4,208
33,1.6,208
34,.6,176
34,.8,211
34,1.0,216
34,1.2,216
34,1.4,217
34,1.6,217
35,.6,181
35,.8,211
35,1.0,219
35,1.2,220
35,1.4,220
35,1.6,220
36,.6,219
36,.8,261
36,1.0,277
36,1.2,279
36,1.4,280
36,1.6,280
37,.6,218
37,.8,257
37,1.0,265
37,1.2,265
37,1.4,265
37,1.6,265
38,.6,232
38,.8,297
38,1.0,304
38,1.2,309
38,1.4,309
38,1.6,309
39,.6,248
39,.8,297
39,1.0,306
39,1.2,307
39,1.4,309
39,1.6,310
40,.6,249
40,.8,303
40,1.0,315
40,1.2,319
40,1.4,319
40,1.6,319
41,.6,252
41,.8,311
41,1.0,326
41,1.2,328
41,1.4,328
41,1.6,329
42,.6,241
42,.8,300
42,1.0,314
42,1.2,318
42,1.4,319
42,1.6,320
43,.6,249
43,.8,305
43,1.0,317
43,1.2,317
43,1.4,318
43,1.6,318
44,.6,265
44,.8,332
44,1.0,344
44,1.2,348
44,1.4,348
44,1.6,348
45,.6,291
45,.8,360
45,1.0,376
45,1.2,377
45,1.4,377
45,1.6,378
46,.6,285
46,.8,364
46,1.0,387
46,1.2,391
46,1.4,392
46,1.6,392
47,.6,281
47,.8,359
47,1.0,373
47,1.2,379
47,1.4,379
47,1.6,379
48,.6,284
48,.8,361
48,1.0,389
48,1.2,395
48,1.4,396
48,1.6,396
49,.6,301
49,.8,376
49,1.0,394
49,1.2,399
49,1.4,400
49,1.6,401
50,.6,292
50,.8,374
50,1.0,393
50,1.2,400
50,1.4,400
50,1.6,400
51,.6,291
51,.8,377
51,1.0,398
51,1.2,405
51,1.4,407
51,1.6,408
52,.6,284
52,.8,377
52,1.0,395
52,1.2,405
52,1.4,406
52,1.6,406
53,.6,289
53,.8,380
53,1.0,406
53,1.2,412
53,1.4,413
53,1.6,413
54,.6,300
54,.8,396
54,1.0,422
54,1.2,429
54,1.4,431
54,1.6,431
55,.6,295
55,.8,393
55,1.0,416
55,1.2,426
55,1.4,427
55,1.6,427
56,.6,312
56,.8,415
56,1.0,446
56,1.2,452
56,1.4,454
56,1.6,454
57,.6,314
57,.8,405
57,1.0,429
57,1.2,434
57,1.4,439
57,1.6,440
58,.6,293
58,.8,385
58,1.0,420
58,1.2,430
58,1.4,432
58,1.6,433
59,.6,304
59,.8,395
59,1.0,422
59,1.2,426
59,1.4,431
59,1.6,431
60,.6,314
60,.8,423
60,1.0,447
60,1.2,453
60,1.4,457
60,1.6,457
61,.6,310
61,.8,415
61,1.0,435
61,1.2,440
61,1.4,441
61,1.6,442
62,.6,304
62,.8,416
62,1.0,437
62,1.2,445
62,1.4,447
62,1.6,448
63,.6,318
63,.8,418
63,1.0,442
63,1.2,451
63,1.4,452
63,1.6,452
