snapnum,vel_cut,num_gp
0,100,-1
0,200,-1
0,300,-1
0,400,-1
0,500,-1
0,600,-1
0,700,-1
0,800,-1
0,900,-1
0,1000,-1
1,100,-1
1,200,-1
1,300,-1
1,400,-1
1,500,-1
1,600,-1
1,700,-1
1,800,-1
1,900,-1
1,1000,-1
2,100,-1
2,200,-1
2,300,-1
2,400,-1
2,500,-1
2,600,-1
2,700,-1
2,800,-1
2,900,-1
2,1000,-1
3,100,-1
3,200,-1
3,300,-1
3,400,-1
3,500,-1
3,600,-1
3,700,-1
3,800,-1
3,900,-1
3,1000,-1
4,100,-1
4,200,-1
4,300,-1
4,400,-1
4,500,-1
4,600,-1
4,700,-1
4,800,-1
4,900,-1
4,1000,-1
5,100,-1
5,200,-1
5,300,-1
5,400,-1
5,500,-1
5,600,-1
5,700,-1
5,800,-1
5,900,-1
5,1000,-1
6,100,-1
6,200,-1
6,300,-1
6,400,-1
6,500,-1
6,600,-1
6,700,-1
6,800,-1
6,900,-1
6,1000,-1
7,100,-1
7,200,-1
7,300,-1
7,400,-1
7,500,-1
7,600,-1
7,700,-1
7,800,-1
7,900,-1
7,1000,-1
8,100,-1
8,200,-1
8,300,-1
8,400,-1
8,500,-1
8,600,-1
8,700,-1
8,800,-1
8,900,-1
8,1000,-1
9,100,-1
9,200,-1
9,300,-1
9,400,-1
9,500,-1
9,600,-1
9,700,-1
9,800,-1
9,900,-1
9,1000,-1
10,100,-1
10,200,-1
10,300,-1
10,400,-1
10,500,-1
10,600,-1
10,700,-1
10,800,-1
10,900,-1
10,1000,-1
11,100,-1
11,200,-1
11,300,-1
11,400,-1
11,500,-1
11,600,-1
11,700,-1
11,800,-1
11,900,-1
11,1000,-1
12,100,-1
12,200,-1
12,300,-1
12,400,-1
12,500,-1
12,600,-1
12,700,-1
12,800,-1
12,900,-1
12,1000,-1
13,100,-1
13,200,-1
13,300,-1
13,400,-1
13,500,-1
13,600,-1
13,700,-1
13,800,-1
13,900,-1
13,1000,-1
14,100,-1
14,200,-1
14,300,-1
14,400,-1
14,500,-1
14,600,-1
14,700,-1
14,800,-1
14,900,-1
14,1000,-1
15,100,-1
15,200,-1
15,300,-1
15,400,-1
15,500,-1
15,600,-1
15,700,-1
15,800,-1
15,900,-1
15,1000,-1
16,100,2
16,200,2
16,300,2
16,400,2
16,500,2
16,600,2
16,700,2
16,800,2
16,900,2
16,1000,2
17,100,5
17,200,12
17,300,14
17,400,14
17,500,14
17,600,14
17,700,14
17,800,14
17,900,14
17,1000,14
18,100,4
18,200,11
18,300,11
18,400,12
18,500,12
18,600,12
18,700,12
18,800,12
18,900,12
18,1000,12
19,100,7
19,200,12
19,300,16
19,400,17
19,500,17
19,600,17
19,700,17
19,800,17
19,900,17
19,1000,17
20,100,18
20,200,29
20,300,33
20,400,34
20,500,34
20,600,34
20,700,34
20,800,34
20,900,34
20,1000,34
21,100,21
21,200,39
21,300,44
21,400,45
21,500,45
21,600,45
21,700,45
21,800,45
21,900,45
21,1000,45
22,100,31
22,200,52
22,300,61
22,400,62
22,500,62
22,600,62
22,700,62
22,800,62
22,900,62
22,1000,62
23,100,43
23,200,73
23,300,83
23,400,84
23,500,84
23,600,84
23,700,84
23,800,84
23,900,84
23,1000,84
24,100,74
24,200,104
24,300,117
24,400,117
24,500,118
24,600,118
24,700,119
24,800,119
24,900,119
24,1000,119
25,100,74
25,200,114
25,300,121
25,400,123
25,500,123
25,600,123
25,700,123
25,800,123
25,900,123
25,1000,123
26,100,85
26,200,129
26,300,138
26,400,142
26,500,142
26,600,142
26,700,142
26,800,142
26,900,142
26,1000,142
27,100,82
27,200,130
27,300,143
27,400,147
27,500,148
27,600,148
27,700,148
27,800,148
27,900,148
27,1000,148
28,100,97
28,200,155
28,300,181
28,400,190
28,500,191
28,600,191
28,700,191
28,800,191
28,900,191
28,1000,191
29,100,92
29,200,163
29,300,187
29,400,198
29,500,201
29,600,204
29,700,204
29,800,204
29,900,204
29,1000,204
30,100,96
30,200,149
30,300,172
30,400,180
30,500,181
30,600,183
30,700,183
30,800,183
30,900,183
30,1000,183
31,100,87
31,200,156
31,300,182
31,400,187
31,500,192
31,600,192
31,700,193
31,800,193
31,900,194
31,1000,194
32,100,105
32,200,169
32,300,194
32,400,213
32,500,221
32,600,222
32,700,222
32,800,222
32,900,222
32,1000,222
33,100,96
33,200,150
33,300,182
33,400,196
33,500,205
33,600,207
33,700,208
33,800,208
33,900,208
33,1000,208
34,100,95
34,200,172
34,300,195
34,400,208
34,500,210
34,600,214
34,700,216
34,800,216
34,900,216
34,1000,216
35,100,97
35,200,176
35,300,199
35,400,209
35,500,214
35,600,219
35,700,219
35,800,219
35,900,219
35,1000,219
36,100,110
36,200,197
36,300,236
36,400,251
36,500,265
36,600,273
36,700,274
36,800,274
36,900,275
36,1000,277
37,100,105
37,200,183
37,300,234
37,400,248
37,500,257
37,600,263
37,700,265
37,800,265
37,900,265
37,1000,265
38,100,111
38,200,213
38,300,259
38,400,281
38,500,296
38,600,301
38,700,302
38,800,304
38,900,304
38,1000,304
39,100,126
39,200,218
39,300,261
39,400,293
39,500,298
39,600,299
39,700,301
39,800,306
39,900,306
39,1000,306
40,100,119
40,200,215
40,300,261
40,400,286
40,500,300
40,600,309
40,700,314
40,800,315
40,900,315
40,1000,315
41,100,117
41,200,229
41,300,280
41,400,310
41,500,321
41,600,324
41,700,325
41,800,325
41,900,326
41,1000,326
42,100,106
42,200,221
42,300,274
42,400,295
42,500,305
42,600,307
42,700,310
42,800,313
42,900,313
42,1000,314
43,100,107
43,200,214
43,300,268
43,400,299
43,500,314
43,600,316
43,700,316
43,800,316
43,900,317
43,1000,317
44,100,127
44,200,224
44,300,286
44,400,321
44,500,336
44,600,340
44,700,342
44,800,344
44,900,344
44,1000,344
45,100,121
45,200,235
45,300,313
45,400,346
45,500,365
45,600,369
45,700,374
45,800,375
45,900,376
45,1000,376
46,100,121
46,200,260
46,300,321
46,400,362
46,500,374
46,600,379
46,700,384
46,800,385
46,900,386
46,1000,387
47,100,132
47,200,247
47,300,303
47,400,341
47,500,355
47,600,368
47,700,370
47,800,372
47,900,373
47,1000,373
48,100,151
48,200,264
48,300,334
48,400,365
48,500,378
48,600,381
48,700,386
48,800,388
48,900,389
48,1000,389
49,100,147
49,200,266
49,300,336
49,400,372
49,500,380
49,600,385
49,700,391
49,800,393
49,900,394
49,1000,394
50,100,135
50,200,231
50,300,305
50,400,351
50,500,375
50,600,384
50,700,390
50,800,392
50,900,393
50,1000,393
51,100,142
51,200,260
51,300,325
51,400,362
51,500,379
51,600,388
51,700,391
51,800,396
51,900,396
51,1000,398
52,100,148
52,200,261
52,300,329
52,400,361
52,500,374
52,600,392
52,700,394
52,800,394
52,900,395
52,1000,395
53,100,137
53,200,262
53,300,327
53,400,368
53,500,387
53,600,396
53,700,404
53,800,405
53,900,405
53,1000,406
54,100,161
54,200,272
54,300,343
54,400,385
54,500,404
54,600,411
54,700,417
54,800,420
54,900,422
54,1000,422
55,100,130
55,200,267
55,300,341
55,400,373
55,500,395
55,600,403
55,700,412
55,800,414
55,900,415
55,1000,416
56,100,146
56,200,260
56,300,342
56,400,392
56,500,421
56,600,431
56,700,442
56,800,444
56,900,446
56,1000,446
57,100,139
57,200,267
57,300,357
57,400,393
57,500,408
57,600,417
57,700,425
57,800,426
57,900,428
57,1000,429
58,100,137
58,200,256
58,300,348
58,400,387
58,500,409
58,600,414
58,700,418
58,800,420
58,900,420
58,1000,420
59,100,133
59,200,272
59,300,341
59,400,386
59,500,404
59,600,411
59,700,416
59,800,421
59,900,422
59,1000,422
60,100,154
60,200,280
60,300,364
60,400,406
60,500,428
60,600,438
60,700,444
60,800,447
60,900,447
60,1000,447
61,100,154
61,200,278
61,300,349
61,400,392
61,500,411
61,600,425
61,700,430
61,800,433
61,900,435
61,1000,435
62,100,144
62,200,287
62,300,354
62,400,396
62,500,414
62,600,429
62,700,434
62,800,437
62,900,437
62,1000,437
63,100,148
63,200,291
63,300,367
63,400,399
63,500,417
63,600,434
63,700,441
63,800,440
63,900,442
63,1000,442
